Acc mean,Acc std,New observation,Normality,Time
0.0,0.0,0.0,True,2011-07-27 07:00:00
0.0,0.0,0.0,True,2011-08-19 16:31:38
0.0,0.0,0.0,True,2011-08-22 20:16:40
0.0,0.0,0.0,True,2011-08-22 22:26:37
0.0,0.0,0.0,True,2011-08-23 18:54:37
0.0,0.0,0.0,True,2011-08-24 07:00:00
0.0,0.0,0.0,True,2011-08-31 07:00:00
0.0,0.0,0.0,True,2011-09-07 07:00:00
0.0,0.0,0.0,True,2011-09-07 07:00:00
0.0,0.0,0.0,True,2011-09-14 07:00:00
0.0,0.0,0.0,True,2011-09-14 07:00:00
0.0,0.0,0.0,True,2011-09-15 22:51:46
0.0,0.0,0.0,True,2011-09-21 07:00:00
0.0,0.0,0.0,True,2011-09-21 07:00:00
0.0,0.0,0.0,True,2011-09-21 07:00:00
0.0,0.0,0.0,True,2011-09-21 07:00:00
0.0,0.0,0.0,True,2011-09-21 07:00:00
0.0,0.0,0.0,True,2011-09-21 07:00:00
0.0,0.0,0.0,True,2011-09-21 07:00:00
0.0,0.0,0.0,True,2011-09-21 07:00:00
0.0,0.0,0.0,True,2011-09-21 07:00:00
0.0,0.0,0.0,True,2011-09-27 19:11:39
0.0,0.0,0.0,True,2011-09-28 00:04:42
0.0,0.0,0.0,True,2011-09-28 07:00:00
0.0,0.0,0.0,True,2011-09-28 07:00:00
0.0,0.0,0.0,True,2011-09-28 07:00:00
0.0,0.0,0.0,True,2011-09-28 07:00:00
0.0,0.0,0.0,True,2011-09-28 22:24:45
0.0,0.0,0.0,True,2011-09-29 23:40:01
0.0,0.0,0.0,True,2011-10-04 17:21:01
0.0,0.0,0.0,True,2011-10-05 07:00:00
0.0,0.0,0.0,True,2011-10-11 18:33:23
0.0,0.0,0.0,True,2011-10-12 07:00:00
0.0,0.0,0.0,True,2011-10-12 07:00:00
0.0,0.0,0.0,True,2011-10-12 07:00:00
0.0,0.0,0.0,True,2011-10-25 07:00:00
0.0,0.0,0.0,True,2011-10-26 07:00:00
0.0,0.0,0.0,True,2011-10-26 07:00:00
0.0,0.0,0.0,True,2011-10-26 07:00:00
0.0,0.0,0.0,True,2011-10-26 07:00:00
0.0,0.0,0.0,True,2011-10-31 08:00:00
0.0,0.0,0.0,True,2011-10-31 22:10:25
0.0,0.0,0.0,True,2011-11-02 08:00:00
0.0,0.0,0.0,True,2011-11-02 08:00:00
0.0,0.0,0.0,True,2011-11-02 08:00:00
0.0,0.0,0.0,True,2011-11-02 08:00:00
0.0,0.0,0.0,True,2011-11-02 08:00:00
0.0,0.0,0.0,True,2011-11-07 23:20:47
0.0,0.0,0.0,True,2011-11-08 08:00:00
0.0,0.0,0.0,True,2011-11-09 08:00:00
0.0,0.0,0.0,True,2011-11-09 08:00:00
0.0,0.0,0.0,True,2011-11-09 08:00:00
0.0,0.0,0.0,True,2011-11-09 08:00:00
0.0,0.0,0.0,True,2011-11-09 08:00:00
0.0,0.0,0.0,True,2011-11-09 08:00:00
0.0,0.0,0.0,True,2011-11-10 21:30:56
0.0,0.0,0.0,True,2011-11-10 21:35:34
0.0,0.0,0.0,True,2011-11-11 17:17:11
0.0,0.0,0.0,True,2011-11-11 17:20:52
0.0,0.0,0.0,True,2011-11-11 17:23:39
0.0,0.0,0.0,True,2011-11-11 17:28:33
0.0,0.0,0.0,True,2011-11-14 08:00:00
0.0,0.0,0.0,True,2011-11-16 08:00:00
0.0,0.0,0.0,True,2011-11-23 08:00:00
0.0,0.0,0.0,True,2011-11-23 08:00:00
0.0,0.0,0.0,True,2011-11-23 08:00:00
0.0,0.0,0.0,True,2011-11-23 08:00:00
0.0,0.0,0.0,True,2011-11-25 17:27:29
0.0,0.0,0.0,True,2011-11-29 00:15:31
0.0,0.0,0.0,True,2011-11-30 08:00:00
0.0,0.0,0.0,True,2011-11-30 08:00:00
0.0,0.0,0.0,True,2011-12-07 08:00:00
0.0,0.0,0.0,True,2011-12-07 08:00:00
0.0,0.0,0.0,True,2011-12-07 08:00:00
0.0,0.0,0.0,True,2011-12-07 08:00:00
0.0,0.0,0.0,True,2011-12-07 08:00:00
0.0,0.0,0.0,True,2011-12-07 08:00:00
0.0,0.0,0.0,True,2011-12-07 08:00:00
0.0,0.0,0.0,True,2011-12-07 08:00:00
0.0,0.0,0.0,True,2011-12-07 17:10:55
0.0,0.0,0.0,True,2011-12-09 20:55:07
0.0,0.0,0.0,True,2011-12-14 08:00:00
0.0,0.0,0.0,True,2011-12-14 08:00:00
0.0,0.0,0.0,True,2011-12-14 08:00:00
0.0,0.0,0.0,True,2011-12-15 08:00:00
0.0,0.0,0.0,True,2011-12-16 17:17:55
0.0,0.0,0.0,True,2011-12-16 18:07:04
0.0,0.0,0.0,True,2011-12-23 08:00:00
0.0,0.0,0.0,True,2011-12-28 08:00:00
0.0,0.0,0.0,True,2011-12-28 08:00:00
0.0,0.0,0.0,True,2011-12-28 08:00:00
0.0,0.0,0.0,True,2011-12-28 08:00:00
0.0,0.0,0.0,True,2011-12-28 08:00:00
0.0,0.0,0.0,True,2011-12-29 08:00:00
0.0,0.0,0.0,True,2011-12-29 16:51:22
0.0,0.0,0.0,True,2012-01-03 08:00:00
0.0,0.0,0.0,True,2012-01-04 08:00:00
0.0,0.0,0.0,True,2012-01-04 08:00:00
0.0,0.0,0.0,True,2012-01-04 08:00:00
0.0,0.0,0.0,True,2012-01-04 08:00:00
0.0,0.0,0.0,True,2012-01-04 08:00:00
0.0,0.0,0.0,True,2012-01-06 20:15:14
0.0,0.0,0.0,True,2012-01-18 08:00:00
0.0,0.0,0.0,True,2012-01-18 08:00:00
0.0,0.0,0.0,True,2012-01-18 08:00:00
0.0,0.0,0.0,True,2012-01-18 08:00:00
0.0,0.0,0.0,True,2012-01-19 18:50:24
0.0,0.0,0.0,True,2012-01-20 19:39:46
0.0,0.0,0.0,True,2012-01-20 19:57:41
0.0,0.0,0.0,True,2012-01-20 20:41:43
0.0,0.0,0.0,True,2012-01-23 22:45:03
0.0,0.0,0.0,True,2012-01-23 23:10:05
0.0,0.0,0.0,True,2012-01-25 08:00:00
0.0,0.0,0.0,True,2012-01-25 08:00:00
0.0,0.0,0.0,True,2012-01-26 20:34:11
0.0,0.0,0.0,True,2012-01-30 16:36:56
0.0,0.0,0.0,True,2012-02-01 08:00:00
0.0,0.0,0.0,True,2012-02-01 08:00:00
0.0,0.0,0.0,True,2012-02-01 08:00:00
0.0,0.0,0.0,True,2012-02-01 08:00:00
0.0,0.0,0.0,True,2012-02-01 08:00:00
0.0,0.0,0.0,True,2012-02-01 08:00:00
0.0,0.0,0.0,True,2012-02-01 08:00:00
0.0,0.0,0.0,True,2012-02-01 08:00:00
0.0,0.0,0.0,True,2012-02-01 08:00:00
0.0,0.0,0.0,True,2012-02-01 08:00:00
0.0,0.0,0.0,True,2012-02-08 08:00:00
0.0,0.0,0.0,True,2012-02-08 08:00:00
0.0,0.0,0.0,True,2012-02-08 08:00:00
0.0,0.0,0.0,True,2012-02-08 08:00:00
0.0,0.0,0.0,True,2012-02-08 08:00:00
0.0,0.0,0.0,True,2012-02-09 21:01:08
0.0,0.0,0.0,True,2012-02-10 08:00:00
0.0,0.0,0.0,True,2012-02-14 08:00:00
0.0,0.0,0.0,True,2012-02-14 16:54:21
0.0,0.0,0.0,True,2012-02-15 08:00:00
0.0,0.0,0.0,True,2012-02-15 08:00:00
0.0,0.0,0.0,True,2012-02-15 08:00:00
0.0,0.0,0.0,True,2012-02-15 08:00:00
0.0,0.0,0.0,True,2012-02-15 08:00:00
0.0,0.0,0.0,True,2012-02-15 08:00:00
0.0,0.0,0.0,True,2012-02-15 08:00:00
0.0,0.0,0.0,True,2012-02-15 08:00:00
0.0,0.0,0.0,True,2012-02-15 08:00:00
0.0,0.0,0.0,True,2012-02-22 08:00:00
0.0,0.0,0.0,True,2012-02-22 08:00:00
0.0,0.0,0.0,True,2012-02-22 08:00:00
0.0,0.0,0.0,True,2012-02-22 08:00:00
0.0,0.0,0.0,True,2012-02-22 08:00:00
0.0,0.0,0.0,True,2012-02-22 08:00:00
0.0,0.0,0.0,True,2012-02-23 20:16:08
0.0,0.0,0.0,True,2012-02-29 08:00:00
0.0,0.0,0.0,True,2012-02-29 08:00:00
0.0,0.0,0.0,True,2012-02-29 08:00:00
0.0,0.0,0.0,True,2012-03-05 20:38:16
0.0,0.0,0.0,True,2012-03-05 21:17:50
0.0,0.0,0.0,True,2012-03-06 20:07:46
0.0,0.0,0.0,True,2012-03-14 08:00:00
0.0,0.0,0.0,True,2012-03-14 08:00:00
0.0,0.0,0.0,True,2012-03-14 08:00:00
0.0,0.0,0.0,True,2012-03-14 08:00:00
0.0,0.0,0.0,True,2012-03-14 08:00:00
0.0,0.0,0.0,True,2012-03-14 08:00:00
0.0,0.0,0.0,True,2012-03-14 08:00:00
0.0,0.0,0.0,True,2012-03-14 08:00:00
0.0,0.0,0.0,True,2012-03-14 19:43:16
0.0,0.0,0.0,True,2012-03-15 23:14:07
0.0,0.0,0.0,True,2012-03-16 00:40:38
0.0,0.0,0.0,True,2012-03-19 18:27:51
0.0,0.0,0.0,True,2012-03-21 08:00:00
0.0,0.0,0.0,True,2012-03-28 07:00:00
0.0,0.0,0.0,True,2012-03-28 07:00:00
0.0,0.0,0.0,True,2012-03-28 07:00:00
0.0,0.0,0.0,True,2012-03-28 07:00:00
0.0,0.0,0.0,True,2012-03-29 21:06:22
0.0,0.0,0.0,True,2012-04-04 07:00:00
0.0,0.0,0.0,True,2012-04-04 07:00:00
0.0,0.0,0.0,True,2012-04-04 07:00:00
0.0,0.0,0.0,True,2012-04-04 07:00:00
0.0,0.0,0.0,True,2012-04-10 17:37:04
0.0,0.0,0.0,True,2012-04-11 07:00:00
0.0,0.0,0.0,True,2012-04-11 07:00:00
0.0,0.0,0.0,True,2012-04-11 07:00:00
0.0,0.0,0.0,True,2012-04-11 07:00:00
0.0,0.0,0.0,True,2012-04-11 07:00:00
0.0,0.0,0.0,True,2012-04-11 07:00:00
0.0,0.0,0.0,True,2012-04-11 07:00:00
0.0,0.0,0.0,True,2012-04-11 07:00:00
0.0,0.0,0.0,True,2012-04-11 07:00:00
0.0,0.0,0.0,True,2012-04-11 07:00:00
0.0,0.0,0.0,True,2012-04-16 16:32:19
0.0,0.0,0.0,True,2012-04-16 17:17:19
0.0,0.0,0.0,True,2012-04-16 17:51:55
0.0,0.0,0.0,True,2012-04-16 21:33:59
0.0,0.0,0.0,True,2012-04-17 19:29:35
0.0,0.0,0.0,True,2012-04-18 07:00:00
0.0,0.0,0.0,True,2012-04-19 19:14:27
0.0,0.0,0.0,True,2012-04-24 16:43:42
0.0,0.0,0.0,True,2012-04-24 18:18:02
0.0,0.0,0.0,True,2012-04-25 07:00:00
0.0,0.0,0.0,True,2012-04-25 07:00:00
0.0,0.0,0.0,True,2012-04-25 07:00:00
0.0,0.0,0.0,True,2012-04-25 07:00:00
0.0,0.0,0.0,True,2012-04-25 07:00:00
0.0,0.0,0.0,True,2012-04-25 07:00:00
0.0,0.0,0.0,True,2012-04-25 07:00:00
0.0,0.0,0.0,True,2012-04-26 21:46:41
0.0,0.0,0.0,True,2012-05-02 07:00:00
0.0,0.0,0.0,True,2012-05-02 07:00:00
0.0,0.0,0.0,True,2012-05-02 07:00:00
0.0,0.0,0.0,True,2012-05-02 07:00:00
0.0,0.0,0.0,True,2012-05-02 07:00:00
0.0,0.0,0.0,True,2012-05-07 17:35:06
0.0,0.0,0.0,True,2012-05-07 19:13:33
0.0,0.0,0.0,True,2012-05-11 18:13:29
0.0,0.0,0.0,True,2012-05-14 07:00:00
0.0,0.0,0.0,True,2012-05-14 07:00:00
0.0,0.0,0.0,True,2012-05-14 07:00:00
0.0,0.0,0.0,True,2012-05-14 19:29:49
0.0,0.0,0.0,True,2012-05-15 16:47:30
0.0,0.0,0.0,True,2012-05-15 20:31:39
0.0,0.0,0.0,True,2012-05-15 21:33:10
0.0,0.0,0.0,True,2012-05-16 07:00:00
0.0,0.0,0.0,True,2012-05-21 07:00:00
0.0,0.0,0.0,True,2012-05-21 07:00:00
0.0,0.0,0.0,True,2012-05-24 07:00:00
0.0,0.0,0.0,True,2012-05-24 07:00:00
0.0,0.0,0.0,True,2012-05-24 07:00:00
0.0,0.0,0.0,True,2012-05-25 15:24:08
0.0,0.0,0.0,True,2012-05-30 07:00:00
0.0,0.0,0.0,True,2012-05-31 20:01:26
0.0,0.0,0.0,True,2012-06-04 07:00:00
0.0,0.0,0.0,True,2012-06-04 07:00:00
0.0,0.0,0.0,True,2012-06-04 17:22:43
0.0,0.0,0.0,True,2012-06-04 19:53:35
0.0,0.0,0.0,True,2012-06-05 07:00:00
0.0,0.0,0.0,True,2012-06-07 07:00:00
0.0,0.0,0.0,True,2012-06-07 07:00:00
0.0,0.0,0.0,True,2012-06-07 07:00:00
0.0,0.0,0.0,True,2012-06-07 15:50:37
0.0,0.0,0.0,True,2012-06-07 19:27:04
0.0,0.0,0.0,True,2012-06-12 16:31:26
0.0,0.0,0.0,True,2012-06-12 19:32:58
0.0,0.0,0.0,True,2012-06-12 21:20:16
0.0,0.0,0.0,True,2012-06-13 07:00:00
0.0,0.0,0.0,True,2012-06-14 07:00:00
0.0,0.0,0.0,True,2012-06-18 21:22:30
0.0,0.0,0.0,True,2012-06-19 07:00:00
0.0,0.0,0.0,True,2012-06-19 07:00:00
0.0,0.0,0.0,True,2012-06-19 07:00:00
0.0,0.0,0.0,True,2012-06-19 16:30:29
0.0,0.0,0.0,True,2012-06-19 17:21:05
0.0,0.0,0.0,True,2012-06-19 18:39:18
0.0,0.0,0.0,True,2012-06-19 21:28:53
0.0,0.0,0.0,True,2012-06-21 07:00:00
0.0,0.0,0.0,True,2012-06-21 07:00:00
0.0,0.0,0.0,True,2012-06-21 07:00:00
0.0,0.0,0.0,True,2012-06-21 07:00:00
0.0,0.0,0.0,True,2012-06-21 07:00:00
0.0,0.0,0.0,True,2012-06-21 07:00:00
0.0,0.0,0.0,True,2012-06-21 19:49:23
0.0,0.0,0.0,True,2012-06-22 17:27:08
0.0,0.0,0.0,True,2012-06-22 17:33:16
0.0,0.0,0.0,True,2012-06-22 18:31:51
0.0,0.0,0.0,True,2012-06-22 18:42:00
0.0,0.0,0.0,True,2012-06-25 07:00:00
0.0,0.0,0.0,True,2012-06-25 19:31:13
0.0,0.0,0.0,True,2012-06-26 07:00:00
0.0,0.0,0.0,True,2012-06-26 17:05:08
0.0,0.0,0.0,True,2012-06-27 07:00:00
0.0,0.0,0.0,True,2012-07-04 07:00:00
0.0,0.0,0.0,True,2012-07-05 07:00:00
0.0,0.0,0.0,True,2012-07-05 07:00:00
0.0,0.0,0.0,True,2012-07-05 18:35:37
0.0,0.0,0.0,True,2012-07-06 17:07:11
0.0,0.0,0.0,True,2012-07-09 07:00:00
0.0,0.0,0.0,True,2012-07-09 17:19:29
0.0,0.0,0.0,True,2012-07-10 19:35:58
0.0,0.0,0.0,True,2012-07-10 20:05:51
0.0,0.0,0.0,True,2012-07-11 19:33:10
0.0,0.0,0.0,True,2012-07-12 07:00:00
0.0,0.0,0.0,True,2012-07-16 19:47:34
0.0,0.0,0.0,True,2012-07-23 18:13:59
0.0,0.0,0.0,True,2012-07-23 19:27:59
0.0,0.0,0.0,True,2012-07-23 21:24:30
0.0,0.0,0.0,True,2012-07-24 07:00:00
0.0,0.0,0.0,True,2012-07-24 07:00:00
0.0,0.0,0.0,True,2012-08-06 16:26:19
0.0,0.0,0.0,True,2012-08-06 19:31:48
0.0,0.0,0.0,True,2012-08-07 17:21:15
0.0,0.0,0.0,True,2012-08-07 20:01:52
0.0,0.0,1.0,False,2012-08-07 23:31:12
0.02,0.13999999999999999,1.0,False,2012-08-14 16:31:29
0.04,0.19595917942265423,1.0,False,2012-08-16 07:00:00
0.06,0.23748684174075835,1.0,False,2012-08-16 07:00:00
0.08,0.2712931993250107,1.0,False,2012-08-17 15:49:55
0.1,0.30000000000000004,1.0,False,2012-08-21 19:07:17
0.12,0.3249615361854384,1.0,False,2012-08-23 07:00:00
0.14,0.34698703145794946,1.0,False,2012-08-29 07:00:00
0.16,0.36660605559646714,1.0,False,2012-08-30 07:00:00
0.18,0.3841874542459709,1.0,False,2012-08-30 07:00:00
0.2,0.4,1.0,False,2012-08-30 07:00:00
0.22,0.4142463035441596,1.0,False,2012-09-04 17:43:11
0.24,0.4270831300812524,1.0,False,2012-09-06 07:00:00
0.26,0.4386342439892261,1.0,False,2012-09-06 07:00:00
0.28,0.44899888641287294,1.0,False,2012-09-06 07:00:00
0.3,0.458257569495584,1.0,False,2012-09-06 20:05:32
0.32,0.466476151587624,1.0,False,2012-09-11 19:57:55
0.34,0.47370877129308037,1.0,False,2012-09-13 07:00:00
0.36,0.48,1.0,False,2012-09-13 07:00:00
0.38,0.4853864439804639,1.0,False,2012-09-13 07:00:00
0.4,0.4898979485566356,1.0,False,2012-09-13 07:00:00
0.42,0.4935585071701226,1.0,False,2012-09-13 07:00:00
0.44,0.4963869458396343,1.0,False,2012-09-17 07:00:00
0.46,0.49839743177508455,1.0,False,2012-09-17 16:19:21
0.48,0.4995998398718719,1.0,False,2012-09-19 07:00:00
0.5,0.5,1.0,True,2012-09-20 07:00:00
0.52,0.49959983987187184,1.0,True,2012-09-20 07:00:00
0.54,0.49839743177508455,1.0,True,2012-09-20 07:00:00
0.56,0.4963869458396343,1.0,True,2012-09-21 07:00:00
0.58,0.4935585071701226,1.0,True,2012-09-21 07:00:00
0.6,0.4898979485566357,1.0,True,2012-09-25 22:31:23
0.62,0.48538644398046393,1.0,True,2012-09-26 17:11:25
0.64,0.48,1.0,True,2012-09-27 07:00:00
0.66,0.4737087712930804,1.0,True,2012-09-27 07:00:00
0.68,0.46647615158762407,1.0,True,2012-09-27 07:00:00
0.7,0.458257569495584,1.0,True,2012-09-27 07:00:00
0.72,0.448998886412873,1.0,True,2012-10-01 17:08:16
0.74,0.43863424398922624,1.0,True,2012-10-04 07:00:00
0.76,0.42708313008125254,1.0,True,2012-10-11 07:00:00
0.78,0.41424630354415953,1.0,True,2012-10-11 07:00:00
0.8,0.4,1.0,True,2012-10-11 07:00:00
0.82,0.3841874542459709,1.0,True,2012-10-11 07:00:00
0.84,0.36660605559646725,1.0,True,2012-10-11 23:17:56
0.86,0.34698703145794935,1.0,True,2012-10-11 23:21:23
0.88,0.3249615361854384,1.0,True,2012-10-17 07:00:00
0.9,0.3,1.0,True,2012-10-17 07:00:00
0.92,0.2712931993250107,1.0,True,2012-10-18 07:00:00
0.94,0.2374868417407584,1.0,True,2012-10-18 07:00:00
0.96,0.19595917942265428,1.0,True,2012-10-18 07:00:00
0.98,0.13999999999999999,1.0,True,2012-10-18 07:00:00
1.0,0.0,0.0,False,2012-10-18 07:00:00
0.98,0.13999999999999999,1.0,True,2012-10-18 18:44:00
0.98,0.13999999999999999,0.75,False,2012-10-19 00:23:07
0.975,0.1436140661634507,0.7447916666666666,False,2012-10-23 19:08:24
0.9698958333333333,0.14712703700326843,0.7447916666666666,False,2012-10-25 07:00:00
0.9647916666666666,0.15038492278150759,0.7447916666666666,False,2012-10-29 18:20:05
0.9596875,0.15340397631064412,0.7395833333333334,False,2012-11-01 08:00:00
0.9544791666666668,0.15633959236981881,0.734375,False,2012-11-01 08:00:00
0.9491666666666667,0.15918957077787618,0.7291666666666666,False,2012-11-01 08:00:00
0.94375,0.16195153167263074,0.7239583333333334,False,2012-11-06 19:59:50
0.9382291666666666,0.16462291849903188,0.71875,False,2012-11-08 08:00:00
0.9326041666666667,0.1672009989358284,0.7135416666666666,False,2012-11-08 08:00:00
0.9268749999999999,0.16968286391252227,0.7083333333333334,False,2012-11-08 08:00:00
0.9210416666666668,0.17206542481471013,0.703125,False,2012-11-08 08:00:00
0.9151041666666667,0.1743454089288942,0.6979166666666666,False,2012-11-15 08:00:00
0.9090624999999999,0.1765193531351449,0.6979166666666666,False,2012-11-15 08:00:00
0.9030208333333332,0.1784624301518234,0.6979166666666666,False,2012-11-15 19:05:18
0.8969791666666665,0.18018210912273358,0.6979166666666666,False,2012-11-15 19:17:19
0.8909375,0.1816847336677374,0.6979166666666666,False,2012-11-15 20:35:23
0.8848958333333331,0.18297565131922458,0.797872340425532,True,2012-11-15 20:59:24
0.8808532801418439,0.182620450996227,0.797872340425532,True,2012-11-15 21:11:42
0.8768107269503548,0.18217487421657308,0.797872340425532,True,2012-11-19 17:26:02
0.8727681737588654,0.1816382558740615,0.7943262411347518,True,2012-11-19 19:21:44
0.8686546985815604,0.1810382260812334,0.7907801418439717,True,2012-11-19 19:37:03
0.8644703014184398,0.1803706941015323,0.7907801418439717,True,2012-11-19 22:47:48
0.8602859042553193,0.1796032207936702,0.7907801418439717,True,2012-11-20 00:07:09
0.8561015070921987,0.1787345187394245,0.7907801418439717,True,2012-11-21 17:52:22
0.8519171099290781,0.17776310387515765,0.7872340425531916,True,2012-11-22 08:00:00
0.8476617907801419,0.17671083864816758,0.7836879432624114,True,2012-11-22 08:00:00
0.8433355496453904,0.17557254511153178,0.7801418439716312,True,2012-11-22 08:00:00
0.8389383865248229,0.17434270114366526,0.7765957446808511,True,2012-11-22 08:00:00
0.8344703014184399,0.17301540073267657,0.773049645390071,True,2012-11-22 08:00:00
0.8299312943262415,0.17158430762396276,0.7695035460992908,True,2012-11-22 19:12:54
0.8253213652482272,0.1700426009528642,0.7659574468085107,True,2012-11-22 19:44:59
0.8206405141843974,0.16838291112701648,0.7659574468085107,True,2012-11-22 19:45:21
0.8159596631205676,0.1665752161848783,0.7659574468085107,True,2012-11-22 21:11:58
0.8112788120567379,0.164614640300022,0.7659574468085107,True,2012-11-23 00:08:56
0.806597960992908,0.16249564985503095,0.7659574468085107,True,2012-11-26 16:19:29
0.8019171099290782,0.1602119593199849,0.7624113475177305,True,2012-11-26 17:09:06
0.7971653368794328,0.15777125860095753,0.7624113475177305,True,2012-11-27 00:19:18
0.7924135638297876,0.15514673531106374,0.7624113475177305,True,2012-11-27 22:13:53
0.7876617907801421,0.1523288883324553,0.7588652482269505,True,2012-11-28 00:17:58
0.782839095744681,0.14931733438741468,0.7553191489361702,True,2012-11-29 08:00:00
0.7779454787234044,0.14609479334911013,0.7517730496453902,True,2012-11-29 08:00:00
0.7729809397163122,0.14264143054756415,0.74822695035461,True,2012-11-29 08:00:00
0.7679454787234045,0.1389342433181578,0.7446808510638299,True,2012-11-29 08:00:00
0.7628390957446808,0.13494623988969923,0.7411347517730498,True,2012-11-29 08:00:00
0.7576617907801417,0.13064531700169427,0.7411347517730498,True,2012-11-29 16:49:12
0.752484485815603,0.1259853208718636,0.7411347517730498,True,2012-11-29 18:38:11
0.7473071808510638,0.12092474652654017,0.7411347517730498,True,2012-11-29 20:09:10
0.7421298758865248,0.11541091194699862,0.7411347517730498,True,2012-11-29 21:25:17
0.7569525709219858,0.045660169295531954,0.7411347517730498,True,2012-11-29 23:03:09
0.7517752659574469,0.029691911117755987,0.7411347517730498,True,2012-11-30 00:03:09
0.7515979609929079,0.029728429629431237,0.7411347517730498,True,2012-12-03 17:57:15
0.7515248226950354,0.02974957547791046,0.7411347517730498,True,2012-12-03 20:41:30
0.7514516843971631,0.029770526625817462,0.7411347517730498,True,2012-12-03 20:58:59
0.7513785460992909,0.02979128348393017,0.7375886524822696,True,2012-12-06 08:00:00
0.7513386524822694,0.029808382420968473,0.7375886524822696,True,2012-12-06 22:58:36
0.7514029255319147,0.029775182139140766,0.7340425531914894,True,2012-12-07 20:06:01
0.7515004432624113,0.029710109190320456,0.7340425531914894,True,2012-12-10 16:25:21
0.7517021276595744,0.029556287209870667,0.7340425531914894,True,2012-12-11 18:58:39
0.7520079787234042,0.029291652835255602,0.7304964539007093,True,2012-12-13 08:00:00
0.752347074468085,0.028940416559477836,0.7269503546099292,True,2012-12-13 08:00:00
0.752719414893617,0.028487975580253993,0.723404255319149,False,2012-12-13 08:00:00
0.753125,0.027917659379456474,0.723404255319149,False,2012-12-13 18:11:45
0.7536347517730496,0.02712642826204778,0.7690217391304348,True,2012-12-14 00:02:55
0.7550568532223251,0.0260089566335191,0.7690217391304348,True,2012-12-14 21:59:22
0.7564789546716005,0.024759721222349564,0.7608695652173914,True,2012-12-20 08:00:00
0.7577380126426151,0.023307794527280615,0.7527173913043479,True,2012-12-20 08:00:00
0.7588340271353686,0.021702172749348606,0.75,True,2012-12-20 08:00:00
0.757876580326858,0.021003537803646118,0.7472826086956521,True,2012-12-20 08:00:00
0.7568647856922602,0.02025774666806832,0.7445652173913043,True,2013-01-03 18:50:41
0.7557986432315758,0.019458490101364773,0.7445652173913043,True,2013-01-03 19:52:27
0.754803422756707,0.018721075138723037,0.7445652173913043,True,2013-01-03 20:22:00
0.7538791242676536,0.018050879682421327,0.7445652173913043,True,2013-01-03 22:36:51
0.7529548257786002,0.017305525270128495,0.7445652173913043,True,2013-01-08 18:36:30
0.7520305272895469,0.016474814021624894,0.7445652173913043,True,2013-01-08 20:19:32
0.7511062288004936,0.015545067829555063,0.7445652173913043,True,2013-01-08 23:02:08
0.7502528522972557,0.014685782255068995,0.7888888888888889,False,2013-01-09 19:19:34
0.7503568712097853,0.014938478531040942,0.7888888888888889,False,2013-01-10 19:16:18
0.7505318121081305,0.015332285289037451,0.7888888888888889,False,2013-01-10 19:53:25
0.7507776749922912,0.01583847400436102,0.7888888888888889,False,2013-01-10 21:20:50
0.7510944598622676,0.01642818874125893,0.7866666666666666,False,2013-01-11 00:04:18
0.751437722273615,0.01697931992314292,0.7866666666666666,False,2013-01-14 16:26:38
0.7518519066707782,0.01757073927833357,0.7866666666666666,False,2013-01-14 17:21:42
0.7522660910679413,0.01813343197224958,0.7866666666666666,False,2013-01-14 23:46:17
0.7526802754651044,0.018669995553495078,0.7866666666666666,False,2013-01-16 17:02:26
0.7530944598622676,0.019182622745942263,0.7866666666666666,False,2013-01-16 18:25:36
0.7535086442594308,0.019673184781042713,0.78,False,2013-01-17 08:00:00
0.753860417309076,0.01998402189810537,0.78,False,2013-01-17 18:50:50
0.7542121903587214,0.020283997990089273,0.78,False,2013-01-22 00:03:39
0.7545639634083667,0.020573588144585344,0.7733333333333333,True,2013-01-22 00:33:12
0.7548533251104945,0.020733175417049787,0.7733333333333333,True,2013-01-22 20:10:52
0.7552136087984377,0.020894033425357398,0.7733333333333333,True,2013-01-24 22:37:27
0.7556448144721967,0.021040542622412756,0.7733333333333333,True,2013-01-28 22:42:07
0.756146942131771,0.02115678334453833,0.7733333333333333,True,2013-01-31 19:16:27
0.7567199917771612,0.021226377730426575,0.7733333333333333,True,2013-02-01 16:33:22
0.7573639634083668,0.0212322038499652,0.7733333333333333,True,2013-02-04 17:11:04
0.7580079350395725,0.021218493117434373,0.7666666666666666,True,2013-02-06 08:00:00
0.7585185733374448,0.021113244305417476,0.7666666666666666,True,2013-02-06 17:38:00
0.7590292116353171,0.020995052204826004,0.7666666666666666,True,2013-02-06 18:26:58
0.7595398499331893,0.020863696847011247,0.7666666666666666,True,2013-02-07 23:26:58
0.7600504882310618,0.02071892787337455,0.7666666666666666,True,2013-02-08 19:24:19
0.760561126528934,0.020560461944657247,0.7666666666666666,True,2013-02-11 18:25:07
0.7610717648268064,0.020387979683892,0.7666666666666666,True,2013-02-14 17:33:29
0.7615824031246788,0.02020112206936484,0.7666666666666666,True,2013-02-14 18:18:07
0.7620930414225511,0.01999948617313598,0.7666666666666666,True,2013-02-18 17:10:54
0.762674601706239,0.019698992213731,0.7666666666666666,True,2013-02-27 00:21:14
0.763256161989927,0.019376395860858264,0.7644444444444445,True,2013-02-28 17:00:00
0.7638641998149861,0.0189218008678681,0.7821969696969697,True,2013-02-28 19:54:18
0.7648272881450957,0.01860220970303909,0.7821969696969697,True,2013-03-04 20:18:52
0.7657903764752052,0.018226211491290303,0.7727272727272727,True,2013-03-07 08:00:00
0.7666349928517368,0.017536550392824878,0.7727272727272727,True,2013-03-07 21:44:43
0.7675505312140836,0.016611360462681326,0.72,False,2013-03-07 23:16:31
0.7674824461077006,0.016798090597041626,0.72,False,2013-03-11 19:03:03
0.7674143610013175,0.01698249474689399,0.72,False,2013-03-11 22:39:15
0.7664339262187088,0.01823059611640823,0.72,False,2013-03-12 00:25:13
0.7654534914361,0.019348944078812616,0.72,False,2013-03-12 00:54:08
0.7646361001317523,0.020362064200460023,0.72,False,2013-03-14 18:19:17
0.7639817523056652,0.021241280651677723,0.72,False,2013-03-14 19:22:14
0.7633817523056652,0.02203656294638837,0.72,False,2013-03-15 00:25:39
0.7628361001317522,0.02275452153656337,0.72,False,2013-03-15 20:13:33
0.7623447957839261,0.023399764886925245,0.72,False,2013-03-15 21:11:05
0.7618534914361001,0.024017639002292614,0.8858695652173914,False,2013-03-19 00:35:40
0.7646795783926218,0.029503936321992687,0.8888888888888888,False,2013-03-20 16:46:29
0.7675660518225734,0.03409718222287169,0.8755555555555555,False,2013-03-20 17:48:57
0.7701858585858585,0.037126922020307374,0.8755555555555555,False,2013-03-20 17:49:29
0.7728056653491437,0.039755151451231374,0.8755555555555555,False,2013-03-21 20:00:25
0.7754254721124287,0.04205721127422497,0.8755555555555555,False,2013-03-21 20:43:07
0.7771588054457621,0.044302369870030306,0.8755555555555555,False,2013-03-21 22:23:59
0.7788921387790954,0.046374368385437376,0.8939393939393939,False,2013-03-21 23:20:24
0.7809931488801054,0.04908040869682048,0.8939393939393939,False,2013-03-25 17:32:43
0.7830941589811153,0.05155931056226912,0.8939393939393939,False,2013-03-26 20:04:26
0.7852396135265698,0.05384456886711748,0.8939393939393939,False,2013-03-26 21:19:05
0.7873850680720245,0.055954505957087806,0.8939393939393939,False,2013-03-26 22:17:48
0.789530522617479,0.057908288930899776,0.9036544850498339,False,2013-03-27 17:24:46
0.7918702789851424,0.06006843605132099,0.9036544850498339,False,2013-03-27 18:51:22
0.7942100353528058,0.06206541043672124,0.9036544850498339,False,2013-03-28 20:13:28
0.796549791720469,0.06391450865011519,0.9036544850498339,False,2013-03-28 20:57:12
0.7990228814214657,0.06559648342602066,0.9136904761904762,False,2013-03-28 20:58:36
0.8016966909452754,0.06746469540390207,0.9136904761904762,False,2013-03-28 23:38:00
0.8043705004690846,0.06917928229812115,0.9136904761904762,False,2013-03-28 23:49:25
0.8071776433262277,0.07069401725196404,0.9136904761904762,False,2013-04-04 17:31:54
0.8099847861833706,0.07206771086359011,0.9136904761904762,False,2013-04-04 22:13:22
0.8127919290405135,0.0733082923070388,0.9136904761904762,False,2013-04-04 22:16:59
0.8155990718976562,0.07442241860346682,0.9214092140921409,False,2013-04-05 16:04:47
0.8185605895128325,0.07561820994245523,0.9214092140921409,False,2013-04-08 16:37:22
0.8215221071280088,0.0766810914492147,0.9214092140921409,False,2013-04-08 19:32:58
0.8244836247431848,0.07761652352182762,0.9214092140921409,False,2013-04-08 21:30:57
0.8275784756916943,0.07833123263302667,0.9214092140921409,False,2013-04-08 22:08:34
0.830673326640204,0.07891820501770985,0.9214092140921409,False,2013-04-09 17:15:53
0.8337681775887134,0.07938027434972902,0.9214092140921409,False,2013-04-09 18:50:05
0.8368630285372228,0.07971961254090633,0.9214092140921409,False,2013-04-09 23:43:42
0.8399578794857322,0.07993778259821341,0.9214092140921409,False,2013-04-11 22:05:30
0.8430527304342418,0.08003577540687198,0.9214092140921409,True,2013-04-15 17:05:33
0.8461475813827514,0.08001403250963104,0.9214092140921409,True,2013-04-15 17:06:52
0.8492424323312607,0.0798724561231114,0.9214092140921409,True,2013-04-18 21:32:29
0.8523372832797702,0.0796104069267168,0.9214092140921409,True,2013-04-22 20:04:53
0.8554321342282798,0.07922668950643803,0.9105691056910569,True,2013-04-25 07:00:00
0.8583546274532119,0.07850830454224265,0.9105691056910569,True,2013-04-25 17:05:40
0.8609220701730937,0.07807361512080964,0.9105691056910569,True,2013-04-25 19:21:02
0.8634895128929755,0.07755153995716244,0.9105691056910569,True,2013-04-26 18:46:37
0.8662463495522512,0.07672167410663147,0.9105691056910569,True,2013-05-02 07:00:00
0.8690031862115268,0.07578251057459838,0.9105691056910569,True,2013-05-02 07:00:00
0.8728145683253479,0.07293132247938054,0.8898809523809524,True,2013-05-02 07:00:00
0.8762121873729669,0.06961474963572069,0.888888888888889,True,2013-05-03 07:00:00
0.8795899651507445,0.06595432517794084,0.888888888888889,True,2013-05-13 07:00:00
0.8829677429285223,0.06189437686154494,0.888888888888889,True,2013-05-13 07:00:00
0.8863455207063001,0.05735011768992493,0.888888888888889,True,2013-05-13 07:00:00
0.8897232984840778,0.052195204239330564,0.888888888888889,True,2013-05-14 07:00:00
0.8931010762618555,0.04622579287249191,0.888888888888889,True,2013-05-14 07:00:00
0.8964788540396335,0.039070317919918655,0.888888888888889,True,2013-05-16 07:00:00
0.8998566318174113,0.029888740231137412,0.888888888888889,True,2013-05-16 07:00:00
0.9032344095951891,0.015406656918787016,0.888888888888889,True,2013-05-16 07:00:00
0.903294796068619,0.015344267782088188,0.888888888888889,True,2013-05-16 07:00:00
0.903294796068619,0.015344267782088188,0.8753387533875339,False,2013-05-23 07:00:00
0.9032904600252586,0.015352134448670614,0.8753387533875339,False,2013-05-23 07:00:00
0.9032861239818982,0.015359995862276276,0.8753387533875339,False,2013-05-23 07:00:00
0.9032817879385378,0.015367852030966645,0.8753387533875339,False,2013-05-23 07:00:00
0.9032774518951773,0.015375702962781342,0.8753387533875339,False,2013-05-23 07:00:00
0.9032731158518169,0.01538354866573822,0.8753387533875339,False,2013-05-23 07:00:00
0.9029011030407795,0.015823380828713894,0.8753387533875339,False,2013-05-23 07:00:00
0.9025290902297425,0.016242795482512642,0.8617886178861789,False,2013-05-23 07:00:00
0.9018860747086781,0.017179493595991947,0.8617886178861789,False,2013-05-24 07:00:00
0.9012430591876139,0.018044795854264033,0.8617886178861789,False,2013-05-27 07:00:00
0.9006000436665496,0.018848537787020548,0.8617886178861789,False,2013-05-30 07:00:00
0.8997627263232764,0.019608830142418533,0.8509485094850948,False,2013-05-30 07:00:00
0.8987086068119816,0.020754486050030607,0.8509485094850948,False,2013-06-03 07:00:00
0.8976544873006869,0.021789190598997105,0.8428184281842819,False,2013-06-05 07:00:00
0.8964377661633758,0.023080474101759833,0.8401084010840109,False,2013-06-06 07:00:00
0.8949661246612466,0.02424972955293565,0.8401084010840109,False,2013-06-06 07:00:00
0.8934944831591172,0.025279616781064076,0.8401084010840109,False,2013-06-07 07:00:00
0.8920228416569879,0.026186584511593204,0.8401084010840109,False,2013-06-10 07:00:00
0.8905512001548587,0.026983030495972667,0.8401084010840109,False,2013-06-13 07:00:00
0.8890795586527293,0.02767849713566093,0.8401084010840109,False,2013-06-13 07:00:00
0.8876079171506001,0.028280435201909652,0.8401084010840109,False,2013-06-17 07:00:00
0.8859819008904374,0.028625384073645135,0.8401084010840109,False,2013-06-20 07:00:00
0.8843558846302748,0.028874804826376853,0.8401084010840109,False,2013-06-20 07:00:00
0.8827298683701121,0.029031159749524114,0.8401084010840109,False,2013-06-20 07:00:00
0.8811038521099497,0.029095949224708165,0.8401084010840109,False,2013-06-20 07:00:00
0.8794778358497871,0.029069785489655345,0.8401084010840109,False,2013-06-20 07:00:00
0.8778518195896245,0.028952421967526832,0.8401084010840109,False,2013-06-24 07:00:00
0.8762258033294619,0.028742741508079185,0.8401084010840109,False,2013-06-25 07:00:00
0.8745997870692993,0.02843870220769857,0.8401084010840109,False,2013-06-25 07:00:00
0.8729737708091367,0.028037234516967515,0.8401084010840109,False,2013-06-27 07:00:00
0.8713477545489741,0.027534077026551716,0.8401084010840109,False,2013-07-01 07:00:00
0.8697217382888115,0.026923529083166375,0.8319783197831978,False,2013-07-01 07:00:00
0.8679331204026326,0.026395770003179476,0.8319783197831978,False,2013-07-04 07:00:00
0.8661445025164538,0.025733220201596907,0.8238482384823848,False,2013-07-04 07:00:00
0.8644100851722802,0.025602714506483097,0.8211382113821138,False,2013-07-04 07:00:00
0.8626214672861015,0.025438864634234486,0.8211382113821138,False,2013-07-05 07:00:00
0.8608328493999226,0.025147054892607493,0.8211382113821138,False,2013-07-08 07:00:00
0.8590442315137438,0.024722754655968356,0.8211382113821138,False,2013-07-08 07:00:00
0.8572556136275647,0.024158984206730995,0.8211382113821138,False,2013-07-11 07:00:00
0.855466995741386,0.0234456846805,0.8211382113821138,False,2013-07-15 07:00:00
0.8540921409214092,0.023402837538241555,0.8211382113821138,False,2013-07-15 07:00:00
0.8527371273712737,0.023310077202352807,0.8211382113821138,False,2013-07-15 07:00:00
0.851382113821138,0.02313772828252304,0.8211382113821138,False,2013-07-17 07:00:00
0.8500271002710028,0.022883992604656716,0.8211382113821138,False,2013-07-17 07:00:00
0.8486720867208671,0.022546122538964396,0.8211382113821138,False,2013-07-18 07:00:00
0.8473170731707316,0.022120263156479667,0.8157181571815718,False,2013-07-26 07:00:00
0.8458536585365853,0.02173867457579209,0.8157181571815718,False,2013-07-31 07:00:00
0.844390243902439,0.021249723238894184,0.8157181571815718,False,2013-07-31 07:00:00
0.8429268292682925,0.02064578258056939,0.8157181571815718,False,2013-07-31 07:00:00
0.8414634146341463,0.019916394608859755,0.8157181571815718,False,2013-08-07 07:00:00
0.84,0.01904715320683451,0.8157181571815718,False,2013-08-07 07:00:00
0.8388075880758809,0.01865979118536225,0.8157181571815718,False,2013-08-12 07:00:00
0.8376151761517615,0.018186200166182484,0.8157181571815718,False,2013-08-15 07:00:00
0.8364227642276423,0.017619428296458017,0.8157181571815718,False,2013-08-15 07:00:00
0.835230352303523,0.01695013091719446,0.8157181571815718,False,2013-08-15 07:00:00
0.8340379403794038,0.016165578564730495,0.8157181571815718,False,2013-08-15 07:00:00
0.8328455284552845,0.015247991020503428,0.8157181571815718,False,2013-08-15 07:00:00
0.8316531165311654,0.014171550289106296,0.8075880758807588,False,2013-08-19 07:00:00
0.8305691056910569,0.01389522626253168,0.8075880758807588,False,2013-08-19 07:00:00
0.8294850948509486,0.013526700601931223,0.8075880758807588,False,2013-08-19 07:00:00
0.8284010840108402,0.013058169337953838,0.8075880758807588,False,2013-08-22 07:00:00
0.8273170731707318,0.012478372679966087,0.8200000000000001,True,2013-08-22 07:00:00
0.8266981029810299,0.012051081121397586,0.8200000000000001,True,2013-08-27 07:00:00
0.826079132791328,0.011575019630972868,0.8200000000000001,True,2013-08-27 07:00:00
0.8256227642276422,0.011353759029340344,0.8200000000000001,True,2013-08-29 07:00:00
0.8252205962059621,0.011188464641190344,0.8200000000000001,True,2013-08-29 07:00:00
0.8248184281842819,0.01100600562069098,0.8200000000000001,True,2013-09-03 07:00:00
0.8244162601626016,0.010805512490524081,0.8125,False,2013-09-04 07:00:00
0.8238640921409214,0.0106943578605737,0.8125,False,2013-09-05 07:00:00
0.8233119241192413,0.010553184394713503,0.8125,False,2013-09-09 07:00:00
0.822759756097561,0.010380767439804352,0.8125,True,2013-09-09 07:00:00
0.8222075880758808,0.010175518923447948,0.8125,True,2013-09-12 07:00:00
0.8216554200542006,0.009935404321680115,0.8049999999999999,False,2013-09-12 07:00:00
0.8209532520325203,0.00984667605187132,0.8049999999999999,False,2013-09-13 07:00:00
0.8202510840108401,0.009706478230768964,0.8049999999999999,False,2013-09-13 07:00:00
0.8195489159891599,0.009512535422112592,0.8049999999999999,False,2013-09-16 07:00:00
0.8188467479674796,0.009261471848910477,0.8049999999999999,False,2013-09-16 07:00:00
0.8181445799457996,0.008948480965953663,0.8049999999999999,False,2013-09-19 07:00:00
0.8174424119241191,0.008566777838053707,0.8049999999999999,False,2013-09-19 07:00:00
0.816740243902439,0.008106662296763118,0.8049999999999999,False,2013-09-19 07:00:00
0.8160380758807588,0.007553819219415606,0.8049999999999999,False,2013-09-19 07:00:00
0.8153359078590785,0.006885950634743461,0.8049999999999999,False,2013-09-23 07:00:00
0.8147963414634145,0.0066122920822646696,0.8049999999999999,False,2013-09-26 07:00:00
0.8142567750677506,0.00628062363365109,0.8049999999999999,False,2013-09-26 07:00:00
0.8138798102981029,0.006259230389946868,0.7975,False,2013-09-27 07:00:00
0.8134070460704607,0.006577745437580087,0.7975,False,2013-09-30 07:00:00
0.8129342818428184,0.006848977513388436,0.7975,False,2013-09-30 07:00:00
0.812461517615176,0.007078364139143935,0.7975,False,2013-10-03 07:00:00
0.8119887533875338,0.007269867451601912,0.7975,False,2013-10-04 07:00:00
0.8115159891598915,0.007426418693524254,0.7975,False,2013-10-07 07:00:00
0.8110432249322492,0.007550192343862222,0.7975,False,2013-10-07 07:00:00
0.810570460704607,0.007642781052550737,0.7975,False,2013-10-10 07:00:00
0.8100976964769647,0.007705309077205468,0.7975,False,2013-10-11 07:00:00
0.8096249322493224,0.007738505133643385,0.7975,False,2013-10-14 07:00:00
0.8091521680216802,0.007742746502482736,0.7975,False,2013-10-14 07:00:00
0.8086794037940379,0.0077180809188629185,0.7975,False,2013-10-14 20:21:10
0.8083150406504065,0.007806709484057383,0.7975,False,2013-10-15 07:00:00
0.8079506775067751,0.0078775079730809,0.7975,False,2013-10-17 07:00:00
0.8075863143631438,0.007930953899913985,0.7975,False,2013-10-17 07:00:00
0.8072219512195121,0.007967396479295764,0.78,False,2013-10-17 07:00:00
0.8065075880758807,0.00873762405956395,0.78,False,2013-10-21 07:00:00
0.8057932249322494,0.009391065560003778,0.78,False,2013-10-21 07:00:00
0.8050788617886181,0.009950754800332955,0.78,False,2013-10-24 07:00:00
0.8043644986449866,0.010431792772023976,0.78,False,2013-10-25 07:00:00
0.803650135501355,0.010844650772551232,0.78,False,2013-10-28 08:00:00
0.8029357723577236,0.01119687326519249,0.78,False,2013-10-29 08:00:00
0.8022214092140922,0.01149403593404035,0.78,False,2013-10-30 08:00:00
0.8015070460704607,0.011740320429497707,0.78,False,2013-10-31 08:00:00
0.8009552845528455,0.012084790654265548,0.78,False,2013-10-31 08:00:00
0.8004035230352303,0.012395173455136663,0.7775,False,2013-11-01 08:00:00
0.7998017615176153,0.012756852253418348,0.7775,False,2013-11-04 08:00:00
0.7992000000000001,0.013080902109564157,0.7775,False,2013-11-11 08:00:00
0.7983500000000001,0.013082526514400802,0.7775,False,2013-11-11 08:00:00
0.7975000000000001,0.013028814220795378,0.7668997668997669,False,2013-11-14 08:00:00
0.7964379953379955,0.013312574184343619,0.8111888111888111,False,2013-11-14 08:00:00
0.7962617715617717,0.013055341691652216,0.8111888111888111,False,2013-11-18 08:00:00
0.7960855477855477,0.01279051024468218,0.8111888111888111,False,2013-11-19 08:00:00
0.7959093240093241,0.012517597545624874,0.8111888111888111,False,2013-11-22 08:00:00
0.7958831002331002,0.012484142125136384,0.8111888111888111,False,2013-11-25 08:00:00
0.7958568764568764,0.01245054157513226,0.8111888111888111,False,2013-11-25 08:00:00
0.7958306526806527,0.01241679471742648,0.8111888111888111,False,2013-11-28 08:00:00
0.7958044289044289,0.012382900355831198,0.8111888111888111,False,2013-11-28 08:00:00
0.7957782051282051,0.01234885727576847,0.8111888111888111,False,2013-12-05 08:00:00
0.7959019813519813,0.012471080988979349,0.8111888111888111,False,2013-12-05 08:00:00
0.7960257575757574,0.012590901673149534,0.8111888111888111,False,2013-12-05 08:00:00
0.7961495337995338,0.01270838729914275,0.8111888111888111,False,2013-12-05 08:00:00
0.79627331002331,0.012823602046225591,0.8223684210526316,False,2013-12-06 08:00:00
0.7966206784443625,0.013282322788341044,0.8223684210526316,False,2013-12-09 08:00:00
0.7969680468654152,0.013716927433923286,0.8316008316008316,False,2013-12-12 08:00:00
0.7975000634974319,0.014511009843503156,0.8316008316008316,False,2013-12-16 08:00:00
0.7980320801294485,0.01524528227798649,0.8316008316008316,False,2013-12-16 08:00:00
0.7985640967614651,0.015928018501974683,0.8316008316008316,False,2013-12-16 08:00:00
0.7990961133934817,0.016565591799556155,0.8316008316008316,False,2013-12-16 08:00:00
0.7996281300254984,0.017163036052700927,0.8316008316008316,False,2013-12-16 08:00:00
0.800160146657515,0.01772440966660432,0.8316008316008316,False,2013-12-19 08:00:00
0.8008421632895317,0.018257008438749694,0.8316008316008316,False,2013-12-19 08:00:00
0.8015241799215482,0.01874971260747331,0.8316008316008316,False,2013-12-20 08:00:00
0.802206196553565,0.019205592810960435,0.8316008316008316,False,2013-12-20 08:00:00
0.8028882131855815,0.01962721514136155,0.8316008316008316,False,2014-01-02 08:00:00
0.8035702298175983,0.02001674448599158,0.8316008316008316,False,2014-01-03 08:00:00
0.8042522464496149,0.020376021497263936,0.8316008316008316,False,2014-01-03 08:00:00
0.8049342630816315,0.020706620944126904,0.8316008316008316,False,2014-01-09 08:00:00
0.8056162797136481,0.021009896630346695,0.8316008316008316,False,2014-01-13 08:00:00
0.8062982963456647,0.021287016431131376,0.8316008316008316,False,2014-01-16 08:00:00
0.8069803129776816,0.021538989931934288,0.8316008316008316,False,2014-01-16 08:00:00
0.807662329609698,0.021766690438924815,0.8392857142857143,False,2014-01-16 08:00:00
0.8084980438954125,0.022159099814795212,0.8392857142857143,False,2014-01-17 08:00:00
0.8093337581811266,0.022513679392881108,0.8392857142857143,False,2014-01-20 08:00:00
0.8101694724668411,0.022832191709823386,0.8392857142857143,False,2014-01-23 08:00:00
0.8110051867525553,0.023116127703577915,0.8392857142857143,False,2014-01-23 08:00:00
0.8121909010382695,0.02301562022367927,0.8392857142857143,False,2014-01-30 08:00:00
0.8133766153239839,0.022853235040546285,0.8392857142857143,False,2014-01-30 08:00:00
0.8145623296096981,0.022627640014406647,0.8392857142857143,False,2014-02-03 08:00:00
0.8157480438954124,0.02233692003589589,0.8392857142857143,False,2014-02-03 08:00:00
0.8169337581811267,0.021978490940547848,0.8392857142857143,False,2014-02-03 08:00:00
0.818119472466841,0.021548974328788516,0.8392857142857143,True,2014-02-06 08:00:00
0.8193051867525553,0.021044017878892218,0.8392857142857143,True,2014-02-06 08:00:00
0.8204909010382696,0.020458036211151602,0.8392857142857143,True,2014-02-10 08:00:00
0.8216766153239838,0.019783830923553486,0.8392857142857143,True,2014-02-10 08:00:00
0.8228623296096981,0.019012018558585995,0.8392857142857143,True,2014-02-10 08:00:00
0.8240980438954125,0.01800471027837022,0.8392857142857143,True,2014-02-11 08:00:00
0.8253337581811268,0.016847206152719965,0.8392857142857143,True,2014-02-12 08:00:00
0.826569472466841,0.015505906568292092,0.8392857142857143,True,2014-02-20 08:00:00
0.8278051867525553,0.013927811826167294,0.8392857142857143,True,2014-02-20 08:00:00
0.8292529057002741,0.010969717362514191,0.8392857142857143,True,2014-02-20 08:00:00
0.8298148437622124,0.010747364299206148,0.8392857142857143,True,2014-02-20 08:00:00
0.8303767818241502,0.010490254094889555,0.8392857142857143,True,2014-02-20 08:00:00
0.8309387198860884,0.010195757637367308,0.8392857142857143,True,2014-02-24 08:00:00
0.8315006579480264,0.009860525739209404,0.8392857142857143,True,2014-02-24 08:00:00
0.8320625960099645,0.009480238031630802,0.8392857142857143,True,2014-02-26 08:00:00
0.8326245340719025,0.009049215968703455,0.8392857142857143,True,2014-02-26 08:00:00
0.8331864721338406,0.008559798910557814,0.8392857142857143,True,2014-02-27 08:00:00
0.8337484101957787,0.008001278420304247,0.8392857142857143,True,2014-02-27 08:00:00
0.8343103482577168,0.007357934938442762,0.8457142857142856,False,2014-02-28 08:00:00
0.8350008577482262,0.006750651039978608,0.8457142857142856,False,2014-02-28 08:00:00
0.8356913672387358,0.006004145705744031,0.8457142857142856,False,2014-02-28 08:00:00
0.8363818767292454,0.005057137049267831,0.8457142857142856,False,2014-02-28 08:00:00
0.8368487940224785,0.00481362251590528,0.8457142857142856,False,2014-03-03 08:00:00
0.8373157113157115,0.004509020381273852,0.8457142857142856,False,2014-03-06 08:00:00
0.8375979803979806,0.004583569896859309,0.8457142857142856,False,2014-03-06 08:00:00
0.8378802494802496,0.00463978550478755,0.8457142857142856,False,2014-03-13 08:00:00
0.8381625185625188,0.004678328162054091,0.8457142857142856,False,2014-03-13 08:00:00
0.8384447876447878,0.00469963270731768,0.8457142857142856,False,2014-03-13 08:00:00
0.8387270567270569,0.0047039333653764405,0.8457142857142856,False,2014-03-13 08:00:00
0.8390093258093261,0.00469127690064265,0.8457142857142856,False,2014-03-13 08:00:00
0.839291594891595,0.004661525194772073,0.8457142857142856,False,2014-03-13 08:00:00
0.839573863973864,0.0046143475871325825,0.8511029411764706,False,2014-03-13 08:00:00
0.8399639061653769,0.004746269931447328,0.8511029411764706,False,2014-03-17 08:00:00
0.8403539483568896,0.004843313643274156,0.8511029411764706,False,2014-03-17 08:00:00
0.8407439905484023,0.004907548268715241,0.8511029411764706,False,2014-03-17 08:00:00
0.841134032739915,0.004940253753613691,0.8511029411764706,False,2014-03-20 08:00:00
0.8415240749314279,0.004942056097222913,0.8511029411764706,False,2014-03-24 08:00:00
0.8419141171229407,0.004912989310367161,0.8698752228163993,False,2014-03-24 08:00:00
0.842679604947252,0.006087748666084821,0.8698752228163993,False,2014-03-24 08:00:00
0.8434450927715633,0.006986555693667316,0.8698752228163993,False,2014-03-25 08:00:00
0.8442105805958746,0.007706574717841577,0.8698752228163993,False,2014-03-25 08:00:00
0.8448223707664885,0.008467903973918637,0.8698752228163993,False,2014-03-25 08:00:00
0.8454341609371021,0.009125290522258458,0.8698752228163993,False,2014-03-25 08:00:00
0.8460459511077159,0.009699890828974001,0.8698752228163993,False,2014-03-27 08:00:00
0.8466577412783295,0.010205697558064749,0.8698752228163993,False,2014-03-28 08:00:00
0.8472695314489431,0.010652514669018039,0.8698752228163993,False,2014-03-31 07:00:00
0.8478813216195568,0.011047502001578509,0.8698752228163993,False,2014-03-31 07:00:00
0.8484931117901705,0.011396050094238738,0.8698752228163993,False,2014-03-31 07:00:00
0.8491049019607843,0.011702309199478421,0.8698752228163993,False,2014-03-31 07:00:00
0.8497166921313979,0.011969525847930514,0.8698752228163993,False,2014-03-31 07:00:00
0.8503284823020115,0.012200265694755874,0.8698752228163993,False,2014-04-03 07:00:00
0.8509402724726252,0.012396565758115362,0.8698752228163993,False,2014-04-03 07:00:00
0.8515520626432389,0.012560040913237524,0.8698752228163993,False,2014-04-03 07:00:00
0.8521638528138528,0.012691959599029759,0.8698752228163993,False,2014-04-03 07:00:00
0.8527756429844664,0.012793298040727718,0.8698752228163993,False,2014-04-03 07:00:00
0.8533874331550799,0.012864778918763142,0.8698752228163993,False,2014-04-08 07:00:00
0.8539992233256938,0.012906898313409713,0.8698752228163993,False,2014-04-11 07:00:00
0.8546110134963075,0.01291994338575155,0.8698752228163993,False,2014-04-14 07:00:00
0.8552228036669212,0.012904002312601815,0.8770053475935828,False,2014-04-15 07:00:00
0.8559771963330788,0.013051970557288585,0.8770053475935828,False,2014-04-17 07:00:00
0.8567315889992361,0.013155089455549867,0.8770053475935828,False,2014-04-17 07:00:00
0.8574859816653935,0.013214408997348548,0.8770053475935828,False,2014-04-25 07:00:00
0.8582403743315506,0.013230518324139432,0.8770053475935828,False,2014-04-29 07:00:00
0.8589947669977082,0.013203575595726645,0.8770053475935828,False,2014-04-29 07:00:00
0.8597491596638656,0.013133315853555153,0.8770053475935828,False,2014-05-01 07:00:00
0.860503552330023,0.013019037810718347,0.8770053475935828,False,2014-05-01 07:00:00
0.8612579449961802,0.012859567999551182,0.8770053475935828,False,2014-05-12 07:00:00
0.8620123376623375,0.012653197863138928,0.8770053475935828,False,2014-05-12 07:00:00
0.8627667303284948,0.012397585515046959,0.8770053475935828,False,2014-05-12 07:00:00
0.8633925515660809,0.012310463901393325,0.8770053475935828,False,2014-05-12 07:00:00
0.8640183728036669,0.012190636238084007,0.8770053475935828,False,2014-05-15 07:00:00
0.8646441940412528,0.01203712581425643,0.8770053475935828,False,2014-05-15 07:00:00
0.8652700152788387,0.011848623523615006,0.8770053475935828,True,2014-05-15 07:00:00
0.8658958365164247,0.011623427054774338,0.8770053475935828,True,2014-05-15 07:00:00
0.8665216577540107,0.011359354257532865,0.8770053475935828,True,2014-05-15 07:00:00
0.8671474789915966,0.01105361919715768,0.8770053475935828,True,2014-05-19 07:00:00
0.8677733002291825,0.010702652060147913,0.8770053475935828,True,2014-05-19 07:00:00
0.8683991214667686,0.010301830926712819,0.8836805555555556,False,2014-05-22 07:00:00
0.8691584468635941,0.00999647710336842,0.8836805555555556,False,2014-05-22 07:00:00
0.8699177722604194,0.009621758591714578,0.8836805555555556,False,2014-05-23 07:00:00
0.8706770976572448,0.00916917511010502,0.8836805555555556,False,2014-05-26 07:00:00
0.8714364230540701,0.008626479924382684,0.8836805555555556,False,2014-06-02 07:00:00
0.8720879753416518,0.008289813110756467,0.8836805555555556,False,2014-06-02 07:00:00
0.8727395276292336,0.007885227084228855,0.8836805555555556,False,2014-06-02 07:00:00
0.8733910799168152,0.007401592407147047,0.8862478777589134,False,2014-06-02 07:00:00
0.8740939786484639,0.006903638604349006,0.8862478777589134,False,2014-06-05 07:00:00
0.8747968773801128,0.006288779575042505,0.8862478777589134,False,2014-06-05 07:00:00
0.8754997761117616,0.005518073744847793,0.8862478777589134,False,2014-06-05 07:00:00
0.875827229210612,0.005658589409608592,0.8862478777589134,False,2014-06-05 07:00:00
0.8761546823094623,0.005777168795837387,0.8862478777589134,False,2014-06-06 07:00:00
0.8764821354083125,0.00587514028945408,0.8862478777589134,False,2014-06-06 07:00:00
0.8768095885071628,0.005953521351439216,0.8862478777589134,False,2014-06-12 07:00:00
0.8771370416060131,0.006013078120183155,0.8862478777589134,False,2014-06-16 07:00:00
0.8774644947048634,0.006054366144602986,0.8862478777589134,False,2014-06-19 07:00:00
0.8777919478037137,0.006077757751219686,0.8862478777589134,False,2014-06-20 07:00:00
0.878119400902564,0.006083459384939937,0.8862478777589134,False,2014-06-23 07:00:00
0.8784468540014143,0.006071520882779152,0.8862478777589134,False,2014-06-26 07:00:00
0.8787743071002646,0.0060418376763977655,0.8862478777589134,False,2014-06-26 07:00:00
0.8791017601991149,0.005994146154537981,0.8862478777589134,False,2014-06-26 07:00:00
0.8794292132979652,0.005928011696352503,0.8862478777589134,False,2014-06-26 07:00:00
0.8797566663968155,0.005842808071323957,0.8862478777589134,False,2014-07-03 07:00:00
0.8800841194956657,0.0057376858210145465,0.8862478777589134,False,2014-07-03 07:00:00
0.880411572594516,0.005611525633829098,0.9168081494057726,False,2014-07-03 07:00:00
0.8813502311263035,0.007408242898180461,0.9168081494057726,False,2014-07-10 07:00:00
0.882288889658091,0.008747156455624116,0.9168081494057726,False,2014-07-15 07:00:00
0.8832275481898785,0.009817396274027917,0.9168081494057726,False,2014-07-16 07:00:00
0.884166206721666,0.010699889413673069,0.9168081494057726,False,2014-07-16 07:00:00
0.8851048652534534,0.011438174576818365,0.9200000000000002,False,2014-07-17 07:00:00
0.8861073607971254,0.012228712472663446,0.9200000000000002,False,2014-07-17 07:00:00
0.8869672538452538,0.013042978173731288,0.9200000000000002,False,2014-07-17 07:00:00
0.887827146893382,0.013755664957876373,0.9200000000000002,False,2014-07-18 07:00:00
0.8886870399415104,0.01438188183506687,0.9200000000000002,False,2014-07-21 07:00:00
0.8895469329896389,0.014932511499873884,0.9200000000000002,False,2014-07-21 07:00:00
0.8904068260377671,0.01541565574866883,0.9200000000000002,False,2014-07-24 07:00:00
0.8912667190858954,0.015837491989599488,0.9200000000000002,False,2014-07-24 07:00:00
0.8921266121340239,0.016202809348114623,0.9200000000000002,False,2014-07-28 07:00:00
0.8929865051821523,0.016515358818797562,0.9200000000000002,False,2014-07-28 07:00:00
0.8938463982302806,0.01677808960959141,0.9200000000000002,False,2014-07-28 07:00:00
0.8947062912784088,0.016993312592690255,0.9200000000000002,False,2014-07-31 07:00:00
0.8955661843265372,0.017162815115529625,0.9200000000000002,False,2014-07-31 07:00:00
0.8964260773746656,0.017287942052146642,0.9200000000000002,False,2014-08-01 07:00:00
0.8972859704227939,0.017369652443226073,0.922824302134647,False,2014-08-01 07:00:00
0.8982023495136151,0.017483796208090895,0.9310344827586207,False,2014-08-07 07:00:00
0.8992829322169159,0.017806970335455148,0.9310344827586207,False,2014-08-07 07:00:00
0.9003635149202165,0.018059843223354966,0.9310344827586207,False,2014-08-07 07:00:00
0.9014440976235173,0.01824533814483018,0.9310344827586207,False,2014-08-11 07:00:00
0.9025246803268181,0.01836549680321457,0.9310344827586207,False,2014-08-14 07:00:00
0.9036052630301188,0.018421597750500052,0.9310344827586207,False,2014-08-15 07:00:00
0.9045523415741802,0.01858939666723903,0.9211822660098522,True,2014-08-15 07:00:00
0.9053023757832661,0.01848841734275101,0.9211822660098522,True,2014-08-21 07:00:00
0.906052409992352,0.018356262707804032,0.9211822660098522,True,2014-09-02 07:00:00
0.906802444201438,0.018192253371325372,0.9211822660098522,True,2014-09-02 07:00:00
0.907552478410524,0.01799551839279667,0.9211822660098522,True,2014-09-02 07:00:00
0.9083025126196098,0.01776497056273578,0.9211822660098522,True,2014-09-02 07:00:00
0.9090525468286959,0.017499273508767618,0.9211822660098522,True,2014-09-02 07:00:00
0.9097512345937144,0.0172707252847788,0.9211822660098522,True,2014-09-04 07:00:00
0.9104499223587333,0.017010438007410787,0.9211822660098522,True,2014-09-04 07:00:00
0.911148610123752,0.016716929184502138,0.9211822660098522,True,2014-09-04 07:00:00
0.911847297888771,0.016388413966256135,0.9211822660098522,True,2014-09-08 07:00:00
0.9125459856537895,0.01602273928244248,0.9211822660098522,True,2014-09-08 07:00:00
0.9132446734188084,0.015617295115060659,0.9211822660098522,True,2014-09-10 07:00:00
0.9139433611838271,0.015168892844327694,0.9211822660098522,True,2014-09-11 07:00:00
0.914642048948846,0.014673594799793282,0.9211822660098522,True,2014-09-11 07:00:00
0.9153407367138646,0.01412646910549027,0.9211822660098522,True,2014-09-11 07:00:00
0.9160394244788835,0.013521225730023439,0.9211822660098522,True,2014-09-17 07:00:00
0.9167381122439022,0.012849654933505055,0.9211822660098522,True,2014-09-25 07:00:00
0.917436800008921,0.012100718548585448,0.9211822660098522,True,2014-09-29 07:00:00
0.9181354877739397,0.01125898830659465,0.9211822660098522,True,2014-09-29 07:00:00
0.9188341755389585,0.0103017433863408,0.909688013136289,True,2014-09-29 07:00:00
0.9193029782465061,0.009292031558983055,0.909688013136289,False,2014-10-02 07:00:00
0.9197717809540538,0.008131311839491215,0.909688013136289,False,2014-10-02 07:00:00
0.9202405836616012,0.006742036933431558,0.909688013136289,False,2014-10-06 07:00:00
0.9207093863691488,0.004934808996835906,0.909688013136289,False,2014-10-06 07:00:00
0.920566983643759,0.005143644783704051,0.909688013136289,False,2014-10-06 07:00:00
0.9204245809183695,0.005340530536772762,0.909688013136289,False,2014-10-06 07:00:00
0.9202821781929797,0.0055267435344045065,0.909688013136289,False,2014-10-06 07:00:00
0.9201397754675901,0.005703329264873709,0.909688013136289,False,2014-10-07 07:00:00
0.9199973727422004,0.005871156465267376,0.909688013136289,False,2014-10-13 07:00:00
0.9197911330049263,0.00604595742476328,0.909688013136289,False,2014-10-13 07:00:00
0.919584893267652,0.006208997863261645,0.909688013136289,False,2014-10-16 07:00:00
0.9193786535303778,0.006361182130033949,0.909688013136289,False,2014-10-16 07:00:00
0.9191724137931035,0.006503272411523058,0.909688013136289,False,2014-10-20 07:00:00
0.9189661740558295,0.006635917145883358,0.909688013136289,False,2014-10-20 07:00:00
0.9187599343185552,0.006759672404570998,0.909688013136289,False,2014-10-20 07:00:00
0.9185536945812811,0.0068750182551573415,0.909688013136289,False,2014-10-20 07:00:00
0.9183474548440067,0.006982371469773924,0.909688013136289,False,2014-10-23 07:00:00
0.9181412151067324,0.007082095524392279,0.909688013136289,False,2014-10-23 07:00:00
0.9179349753694582,0.0071745085568880275,0.909688013136289,False,2014-10-23 07:00:00
0.9177287356321842,0.007259889764358688,0.909688013136289,False,2014-10-24 07:00:00
0.9175224958949098,0.0073384845908374486,0.909688013136289,False,2014-10-24 07:00:00
0.9173162561576355,0.007410508965706433,0.9083333333333334,False,2014-10-27 20:21:47
0.917082922824302,0.007505398531423211,0.9083333333333334,False,2014-10-28 08:00:00
0.9167931034482757,0.007557701333227831,0.9099999999999999,True,2014-11-03 08:00:00
0.9163724137931033,0.007335424803803926,0.9099999999999999,True,2014-11-03 08:00:00
0.9159517241379308,0.007081250249095271,0.9099999999999999,True,2014-11-03 08:00:00
0.9155310344827585,0.006791597275783043,0.9099999999999999,True,2014-11-03 08:00:00
0.915110344827586,0.0064616965613217454,0.9116666666666666,True,2014-11-05 08:00:00
0.9147229885057471,0.006063752348102308,0.9116666666666666,True,2014-11-06 08:00:00
0.9143356321839081,0.00561111154652069,0.9116666666666666,True,2014-11-12 08:00:00
0.9141453201970444,0.00553654168040547,0.9116666666666666,True,2014-11-13 08:00:00
0.9139550082101806,0.0054543173235106325,0.9116666666666666,True,2014-11-13 08:00:00
0.913764696223317,0.005364086487701456,0.9116666666666666,True,2014-11-13 08:00:00
0.9135743842364533,0.005265437581516513,0.9116666666666666,True,2014-11-17 08:00:00
0.9133840722495896,0.005157887619700876,0.9116666666666666,True,2014-11-17 08:00:00
0.9131937602627258,0.005040866906137537,0.9116666666666666,True,2014-11-20 08:00:00
0.9130034482758621,0.004913698843909105,0.9116666666666666,True,2014-11-20 08:00:00
0.9128131362889985,0.004775572864818072,0.9116666666666666,True,2014-11-20 08:00:00
0.9126228243021347,0.0046255074036317,0.9116666666666666,True,2014-11-20 08:00:00
0.912432512315271,0.00446229806156297,0.9116666666666666,True,2014-11-20 08:00:00
0.9122422003284073,0.004284443013358629,0.9116666666666666,True,2014-11-24 08:00:00
0.9120518883415437,0.004090032099448423,0.9116666666666666,True,2014-11-24 08:00:00
0.9118615763546799,0.0038765752810478674,0.9116666666666666,True,2014-11-24 08:00:00
0.9116712643678162,0.0036407240955689305,0.9116666666666666,True,2014-11-27 08:00:00
0.9114809523809525,0.0033777907966292156,0.9116666666666666,True,2014-11-27 08:00:00
0.9112906403940889,0.0030808492476656225,0.9083333333333334,True,2014-12-01 08:00:00
0.9110336617405583,0.002764710149917131,0.9083333333333334,True,2014-12-01 08:00:00
0.9107766830870279,0.0023798185398318105,0.9083333333333334,False,2014-12-01 08:00:00
0.9105197044334975,0.0018845090329470558,0.9083333333333334,False,2014-12-05 08:00:00
0.910262725779967,0.0011433005953161727,0.9083333333333334,False,2014-12-05 08:00:00
0.9102356321839079,0.0011722829863601086,0.9083333333333334,False,2014-12-05 08:00:00
0.9102085385878489,0.0011999543420787332,0.9083333333333334,False,2014-12-11 08:00:00
0.9101814449917899,0.0012264034084032089,0.9083333333333334,False,2014-12-11 08:00:00
0.9101543513957308,0.0012517076700722025,0.9083333333333334,False,2014-12-15 08:00:00
0.9101272577996715,0.00127593523997001,0.9083333333333334,False,2014-12-17 08:00:00
0.9101001642036124,0.0012991463566443327,0.895,False,2014-12-17 16:48:02
0.9098064039408869,0.002481609955956172,0.895,False,2014-12-18 08:00:00
0.9095126436781611,0.0032336364216012142,0.895,False,2014-12-18 08:00:00
0.9092188834154353,0.003818616353706873,0.8916256157635467,False,2014-12-18 08:00:00
0.9088576354679803,0.004542839470725017,0.8916256157635467,False,2014-12-19 08:00:00
0.9084963875205255,0.005141201211553195,0.8916256157635467,False,2014-12-22 08:00:00
0.9081351395730707,0.005653804840945102,0.8916256157635467,False,2014-12-29 08:00:00
0.9077738916256157,0.006102300246811181,0.8916256157635467,False,2014-12-29 08:00:00
0.9074126436781609,0.006499971328082044,0.8916256157635467,False,2014-12-29 08:00:00
0.9070513957307059,0.006855668170970999,0.8916256157635467,False,2014-12-29 08:00:00
0.9066901477832512,0.007175635492133108,0.8916256157635467,False,2014-12-29 08:00:00
0.9063288998357963,0.00746446938518574,0.8916256157635467,False,2014-12-29 08:00:00
0.9059676518883414,0.007725662530146481,0.8916256157635467,False,2015-01-05 08:00:00
0.9056064039408867,0.007961935675321849,0.8916256157635467,False,2015-01-05 08:00:00
0.9052451559934318,0.008175449694489936,0.8916256157635467,False,2015-01-05 08:00:00
0.9048839080459768,0.008367946914101912,0.8916256157635467,False,2015-01-05 08:00:00
0.9045226600985221,0.008540848508681038,0.8916256157635467,False,2015-01-07 08:00:00
0.9041885057471262,0.008710377980271506,0.8928571428571428,False,2015-01-07 08:00:00
0.9038789819376026,0.0088317202942031,0.8928571428571428,False,2015-01-07 08:00:00
0.9035361247947457,0.008919754134870415,0.8928571428571428,False,2015-01-08 08:00:00
0.9031932676518885,0.008993866924589252,0.8928571428571428,False,2015-01-08 08:00:00
0.9028504105090311,0.009054400512849366,0.8928571428571428,False,2015-01-13 08:00:00
0.902507553366174,0.009101625843558767,0.8928571428571428,False,2015-01-14 08:00:00
0.9021313628899835,0.00910400434163954,0.8928571428571428,False,2015-01-14 08:00:00
0.9017551724137931,0.009090828265911394,0.8928571428571428,True,2015-01-14 08:00:00
0.9013789819376027,0.009062029768172398,0.8928571428571428,True,2015-01-14 08:00:00
0.9010027914614122,0.00901745917259618,0.8928571428571428,True,2015-01-15 08:00:00
0.9006266009852217,0.008956881030296342,0.8928571428571428,True,2015-01-19 08:00:00
0.9002504105090313,0.008879967742259711,0.8928571428571428,True,2015-01-19 08:00:00
0.8998742200328408,0.008786290335944448,0.8937198067632851,True,2015-01-19 08:00:00
0.8995152828347731,0.008662930338919456,0.8937198067632851,True,2015-01-26 08:00:00
0.8991563456367055,0.008522684695688221,0.8937198067632851,True,2015-01-28 08:00:00
0.898797408438638,0.008364704116880166,0.8937198067632851,True,2015-01-28 08:00:00
0.8984384712405702,0.008187962120056035,0.8937198067632851,True,2015-01-28 08:00:00
0.8980795340425027,0.007991213961074984,0.8937198067632851,True,2015-01-28 08:00:00
0.897720596844435,0.0077729406044027925,0.8937198067632851,True,2015-01-29 08:00:00
0.8973616596463674,0.007531270734952656,0.8937198067632851,True,2015-01-29 08:00:00
0.8970027224482997,0.007263869513036539,0.8937198067632851,True,2015-02-09 08:00:00
0.8966437852502321,0.00696777510381727,0.8937198067632851,True,2015-02-09 08:00:00
0.8962848480521645,0.006639149619342568,0.8937198067632851,True,2015-02-09 08:00:00
0.8959259108540968,0.006272882400806194,0.8937198067632851,True,2015-02-12 08:00:00
0.8956336403226959,0.006023461364069936,0.8937198067632851,True,2015-02-12 08:00:00
0.8953413697912949,0.005748415074391514,0.8937198067632851,True,2015-02-12 08:00:00
0.895049099259894,0.005443860836161148,0.8937198067632851,True,2015-02-13 08:00:00
0.8947568287284929,0.005104519723973636,0.8937198067632851,True,2015-02-16 08:00:00
0.894464558197092,0.004722899352551548,0.8937198067632851,True,2015-02-19 08:00:00
0.8941722876656911,0.004287725603297972,0.8937198067632851,True,2015-02-19 08:00:00
0.8938800171342902,0.0037805501288795625,0.8937198067632851,True,2015-02-19 08:00:00
0.8935877466028892,0.0031669675681501377,0.8937198067632851,True,2015-02-23 08:00:00
0.8932954760714881,0.002365578946348548,0.8937198067632851,True,2015-02-23 08:00:00
0.8930032055400872,0.0009956906136192147,0.8937198067632851,True,2015-02-26 08:00:00
0.892977601675353,0.000959828538916756,0.8937198067632851,True,2015-02-26 08:00:00
0.8929519978106185,0.000921862644004017,0.8937198067632851,True,2015-02-26 08:00:00
0.8929263939458844,0.0008815211449094201,0.8727858293075684,False,2015-08-01 07:00:00
,,,True,2015-08-01 07:01:00
